Train Filename:C:\Users\Farell\Documents\Visual Studio 2015\Projects\NeruTrainer\4-3-iris-Change2.txt
Input node num:4
Hide node num:8
Output node num:3
TIH
TIH 0=0.0933753949760539
TIH 1=0.0933753949760539
TIH 2=0.0933753949760539
TIH 3=0.0933753949760539
TIH 4=0.0933753949760539
TIH 5=0.0933753949760539
TIH 6=0.0933753949760539
TIH 7=0.0933753949760539
THO
TIH 0=-0.177662021121724
TIH 1=-0.229930224363985
TIH 2=0.0450112834030293
I-H
W0-0=0.224750092906197
W0-1=0.176762113845914
W0-2=0.13017116584474
W0-3=0.0940865268071081
W0-4=0
W0-5=0
W0-6=0
W0-7=0
W1-0=0.224750092906197
W1-1=0.176762113845914
W1-2=0.13017116584474
W1-3=0.0940865268071081
W1-4=0
W1-5=0
W1-6=0
W1-7=0
W2-0=0.224750092906197
W2-1=0.176762113845914
W2-2=0.13017116584474
W2-3=0.0940865268071081
W2-4=0
W2-5=0
W2-6=0
W2-7=0
W3-0=0.224750092906197
W3-1=0.176762113845914
W3-2=0.13017116584474
W3-3=0.0940865268071081
W3-4=0
W3-5=0
W3-6=0
W3-7=0
H-O
W0-0= -0.183056881869503
W0-1= -0.183056881869503
W0-2= -0.183056881869503
W1-0= -0.15173566340349
W1-1= -0.15173566340349
W1-2= -0.15173566340349
W2-0= 0.154204726324888
W2-1= 0.154204726324888
W2-2= 0.154204726324888
W3-0= 0
W3-1= 0
W3-2= 0
W4-0= 0
W4-1= 0
W4-2= 0
W5-0= 0
W5-1= 0
W5-2= 0
W6-0= 0
W6-1= 0
W6-2= 0
W7-0= 0
W7-1= 0
W7-2= 0
