Train Filename:C:\Users\ZX\Desktop\Projects\NeruTrainer\4-3-iris-Change2.txt
Input node num:4
Hide node num:8
Output node num:3
I-H
W0-0=0.30403127996924
W0-1=0.156892069602924
W0-2=-0.0757132794665232
W0-3=-0.0757132794665232
W0-4=0
W0-5=0
W0-6=0
W0-7=0
W1-0=0.30403127996924
W1-1=0.158172634143614
W1-2=-0.0757132794665232
W1-3=-0.0757132794665232
W1-4=0
W1-5=0
W1-6=0
W1-7=0
W2-0=0.30403127996924
W2-1=0.158172634143614
W2-2=-0.0754427797545315
W2-3=-0.0757132794665232
W2-4=0
W2-5=0
W2-6=0
W2-7=0
W3-0=0.30403127996924
W3-1=0.158172634143614
W3-2=-0.0754427797545315
W3-3=-0.0754427797545315
W3-4=0
W3-5=0
W3-6=0
W3-7=0
H-O
W0-0= -0.831833410985147
W0-1= -0.831833410985147
W0-2= -0.463950160985146
W1-0= -0.756247548465632
W1-1= -0.756247548465632
W1-2= -0.388364298465632
W2-0= -0.951976123039153
W2-1= -0.584092873039153
W2-2= -0.584092873039153
W3-0= 0
W3-1= 0
W3-2= 0
W4-0= 0
W4-1= 0
W4-2= 0
W5-0= 0
W5-1= 0
W5-2= 0
W6-0= 0
W6-1= 0
W6-2= 0
W7-0= 0
W7-1= 0
W7-2= 0
