Train Filename:C:\Users\Farell\Documents\Visual Studio 2015\Projects\NeruTrainer\4-3-iris-Change2.txt
Input node num:4
Hide node num:8
Output node num:2
I-H
W0-0=0.00956171502855648
W0-1=0.33861217199357
W0-2=0.33861217199357
W0-3=0.33861217199357
W0-4=0
W0-5=0
W0-6=0
W0-7=0
W1-0=0.00956171502855648
W1-1=0.339196975028556
W1-2=0.33861217199357
W1-3=0.33861217199357
W1-4=0
W1-5=0
W1-6=0
W1-7=0
W2-0=0.00956171502855648
W2-1=0.339196975028556
W2-2=0.339196975028556
W2-3=0.33861217199357
W2-4=0
W2-5=0
W2-6=0
W2-7=0
W3-0=0.00956171502855648
W3-1=0.339196975028556
W3-2=0.339196975028556
W3-3=0.339196975028556
W3-4=0
W3-5=0
W3-6=0
W3-7=0
H-O
W0-0= -0.32050981540374
W0-1= -0.32050981540374
W1-0= -0.528286989204236
W1-1= -0.528286989204236
W2-0= 0
W2-1= 0
W3-0= 0
W3-1= 0
W4-0= 0
W4-1= 0
W5-0= 0
W5-1= 0
W6-0= 0
W6-1= 0
W7-0= 0
W7-1= 0
