Train Filename:C:\Users\Farell\Documents\Visual Studio 2015\Projects\NeruTrainer\4-3.txt
Input node num:4
Hide node num:8
Output node num:3
TIH
TIH 0=-4.15790204372629
TIH 1=-4.15790204372629
TIH 2=-4.15790204372629
TIH 3=-4.15790204372629
TIH 4=-4.15790204372629
TIH 5=-4.15790204372629
TIH 6=-15.6347884709946
TIH 7=-15.6347884709946
THO
THO 0=4.51784441696615
THO 1=-94.1036279939359
THO 2=-33.6734174779406
I-H
W0-0=-0.150350237505892
W0-1=-1.37080331603401
W0-2=2.80790733713437
W0-3=1.50553795328026
W0-4=0
W0-5=0
W0-6=0
W0-7=0
W1-0=-0.150350237505892
W1-1=-1.37080331603401
W1-2=2.80790733713437
W1-3=1.50553795328026
W1-4=0
W1-5=0
W1-6=0
W1-7=0
W2-0=-0.150350237505892
W2-1=-1.37080331603401
W2-2=2.80790733713437
W2-3=1.50553795328026
W2-4=0
W2-5=0
W2-6=0
W2-7=0
W3-0=-0.150350237505892
W3-1=-1.37080331603401
W3-2=2.80790733713437
W3-3=1.50553795328026
W3-4=0
W3-5=0
W3-6=0
W3-7=0
H-O
W0-0= -0.426440428141757
W0-1= -0.426440428141757
W0-2= -0.426440428141757
W1-0= 5.55853991001669
W1-1= 5.55853991001669
W1-2= 5.55853991001669
W2-0= -0.643881556161747
W2-1= -0.643881556161747
W2-2= -0.643881556161747
W3-0= 0
W3-1= 0
W3-2= 0
W4-0= 0
W4-1= 0
W4-2= 0
W5-0= 0
W5-1= 0
W5-2= 0
W6-0= 0
W6-1= 0
W6-2= 0
W7-0= 0
W7-1= 0
W7-2= 0
