Train Filename:C:\Users\Farell\Documents\Visual Studio 2015\Projects\NeruTrainer\4-3.txt
Input node num:4
Hide node num:8
Output node num:3
TIH
TIH 0=0.0699779506600673
TIH 1=0.0699779506600673
TIH 2=0.0699779506600673
TIH 3=0.0699779506600673
TIH 4=0.0699779506600673
TIH 5=0.390431539229454
TIH 6=0.390431539229454
TIH 7=0.390431539229454
THO
THO 0=0.197639122435591
THO 1=0.0675292220328503
THO 2=0.266868634412063
I-H
W0-0=0.247663520275301
W0-1=0.167875335237359
W0-2=0.114657128157069
W0-3=0.0452749724799199
W0-4=0
W0-5=0
W0-6=0
W0-7=0
W1-0=0.247663520275301
W1-1=0.167875335237359
W1-2=0.114657128157069
W1-3=0.0452749724799199
W1-4=0
W1-5=0
W1-6=0
W1-7=0
W2-0=0.247663520275301
W2-1=0.167875335237359
W2-2=0.114657128157069
W2-3=0.0452749724799199
W2-4=0
W2-5=0
W2-6=0
W2-7=0
W3-0=0.247663520275301
W3-1=0.167875335237359
W3-2=0.114657128157069
W3-3=0.0452749724799199
W3-4=0
W3-5=0
W3-6=0
W3-7=0
H-O
W0-0= -0.186714939822361
W0-1= -0.186714939822361
W0-2= -0.186714939822361
W1-0= -0.14280559132517
W1-1= -0.14280559132517
W1-2= -0.14280559132517
W2-0= 0.141252350162855
W2-1= 0.141252350162855
W2-2= 0.141252350162855
W3-0= 0
W3-1= 0
W3-2= 0
W4-0= 0
W4-1= 0
W4-2= 0
W5-0= 0
W5-1= 0
W5-2= 0
W6-0= 0
W6-1= 0
W6-2= 0
W7-0= 0
W7-1= 0
W7-2= 0
