Train Filename:C:\Users\Farell\Documents\Visual Studio 2015\Projects\NeruTrainer\4-3-iris-Change2.txt
Input node num:4
Hide node num:8
Output node num:3
I-H
W0-0=3.14980678309094
W0-1=3.14980678309094
W0-2=3.14980678309094
W0-3=3.14980678309094
W0-4=0
W0-5=0
W0-6=0
W0-7=0
W1-0=3.14980678309094
W1-1=3.14980678309094
W1-2=3.14980678309094
W1-3=3.14980678309094
W1-4=0
W1-5=0
W1-6=0
W1-7=0
W2-0=3.14980678309094
W2-1=3.14980678309094
W2-2=3.14980678309094
W2-3=3.14980678309094
W2-4=0
W2-5=0
W2-6=0
W2-7=0
W3-0=3.14980678309094
W3-1=3.14980678309094
W3-2=3.14980678309094
W3-3=3.14980678309094
W3-4=0
W3-5=0
W3-6=0
W3-7=0
H-O
W0-0= 1.27534197332135
W0-1= 1.27534197332135
W0-2= 1.27534197332135
W1-0= -1.51201724484247
W1-1= -1.51201724484247
W1-2= -1.51201724484247
W2-0= -2.86315117008843
W2-1= -2.86315117008843
W2-2= -2.86315117008843
W3-0= 0
W3-1= 0
W3-2= 0
W4-0= 0
W4-1= 0
W4-2= 0
W5-0= 0
W5-1= 0
W5-2= 0
W6-0= 0
W6-1= 0
W6-2= 0
W7-0= 0
W7-1= 0
W7-2= 0
