Train Filename:C:\Users\Farell\Documents\Visual Studio 2015\Projects\NeruTrainer\4-3-iris-Change2.txt
Input node num:4
Hide node num:8
Output node num:3
TIH
TIH 0=0.410873508135704
TIH 1=0.410873508135704
TIH 2=0.410873508135704
TIH 3=0.410873508135704
TIH 4=0.410873508135704
TIH 5=0.410873508135704
TIH 6=0.410873508135704
TIH 7=0.253079361413361
THO
THO 0=0.231815330762505
THO 1=0.170959110720194
THO 2=0.17555490132081
I-H
W0-0=0.364659202797564
W0-1=0.181667652810588
W0-2=0.0796005092043953
W0-3=-0.0803904318098195
W0-4=0
W0-5=0
W0-6=0
W0-7=0
W1-0=0.364659202797564
W1-1=0.181667652810588
W1-2=0.0796005092043953
W1-3=-0.0803904318098195
W1-4=0
W1-5=0
W1-6=0
W1-7=0
W2-0=0.364659202797564
W2-1=0.181667652810588
W2-2=0.0796005092043953
W2-3=-0.0803904318098195
W2-4=0
W2-5=0
W2-6=0
W2-7=0
W3-0=0.364659202797564
W3-1=0.181667652810588
W3-2=0.0796005092043953
W3-3=-0.0803904318098195
W3-4=0
W3-5=0
W3-6=0
W3-7=0
H-O
W0-0= -0.194262915981177
W0-1= -0.194262915981177
W0-2= -0.194262915981177
W1-0= -0.131010892746488
W1-1= -0.131010892746488
W1-2= -0.131010892746488
W2-0= 0.166025350096971
W2-1= 0.166025350096971
W2-2= 0.166025350096971
W3-0= 0
W3-1= 0
W3-2= 0
W4-0= 0
W4-1= 0
W4-2= 0
W5-0= 0
W5-1= 0
W5-2= 0
W6-0= 0
W6-1= 0
W6-2= 0
W7-0= 0
W7-1= 0
W7-2= 0
