Train Filename:C:\Users\Farell\Documents\Visual Studio 2015\Projects\NeruTrainer\4-3-iris-Change2.txt
Input node num:4
Hide node num:8
Output node num:3
TIH
TIH 0=0.153045838605585
TIH 1=0.153045838605585
TIH 2=0.153045838605585
TIH 3=0.153045838605585
TIH 4=0.153045838605585
TIH 5=0.153045838605585
TIH 6=0.153045838605585
TIH 7=0.153045838605585
THO
THO 0=-0.193433932760896
THO 1=-0.185988418319995
THO 2=0.0807826185486273
I-H
W0-0=0.229052611874328
W0-1=0.222720862522545
W0-2=0.215791407385414
W0-3=0.210844742467587
W0-4=0
W0-5=0
W0-6=0
W0-7=0
W1-0=0.229052611874328
W1-1=0.222720862522545
W1-2=0.215791407385414
W1-3=0.210844742467587
W1-4=0
W1-5=0
W1-6=0
W1-7=0
W2-0=0.229052611874328
W2-1=0.222720862522545
W2-2=0.215791407385414
W2-3=0.210844742467587
W2-4=0
W2-5=0
W2-6=0
W2-7=0
W3-0=0.229052611874328
W3-1=0.222720862522545
W3-2=0.215791407385414
W3-3=0.210844742467587
W3-4=0
W3-5=0
W3-6=0
W3-7=0
H-O
W0-0= -0.145081800002371
W0-1= -0.145081800002371
W0-2= -0.145081800002371
W1-0= -0.122876328275474
W1-1= -0.122876328275474
W1-2= -0.122876328275474
W2-0= 0.119947396821742
W2-1= 0.119947396821742
W2-2= 0.119947396821742
W3-0= 0
W3-1= 0
W3-2= 0
W4-0= 0
W4-1= 0
W4-2= 0
W5-0= 0
W5-1= 0
W5-2= 0
W6-0= 0
W6-1= 0
W6-2= 0
W7-0= 0
W7-1= 0
W7-2= 0
