Train Filename:C:\Users\Farell\Documents\Visual Studio 2015\Projects\NeruTrainer\4-3.txt
Input node num:4
Hide node num:8
Output node num:3
TIH
TIH 0=-10.5110058606701
TIH 1=-10.5110058606701
TIH 2=-10.5110058606701
TIH 3=-10.5110058606701
TIH 4=-10.5110058606701
TIH 5=-10.5110058606701
TIH 6=-10.5110058606701
TIH 7=-10.5110058606701
THO
THO 0=-0.92090686480932
THO 1=-1.48299076332129
THO 2=-60.6288312772008
I-H
W0-0=-0.903044867879171
W0-1=-1.30658841338665
W0-2=2.45846080049379
W0-3=2.17801547911833
W0-4=0
W0-5=0
W0-6=0
W0-7=0
W1-0=-0.903044867879171
W1-1=-1.30658841338665
W1-2=2.45846080049379
W1-3=2.17801547911833
W1-4=0
W1-5=0
W1-6=0
W1-7=0
W2-0=-0.903044867879171
W2-1=-1.30658841338665
W2-2=2.45846080049379
W2-3=2.17801547911833
W2-4=0
W2-5=0
W2-6=0
W2-7=0
W3-0=-0.903044867879171
W3-1=-1.30658841338665
W3-2=2.45846080049379
W3-3=2.17801547911833
W3-4=0
W3-5=0
W3-6=0
W3-7=0
H-O
W0-0= -0.523718687449507
W0-1= -0.523718687449507
W0-2= -0.523718687449507
W1-0= -0.0240833524131766
W1-1= -0.0240833524131766
W1-2= -0.0240833524131766
W2-0= 1.30093141118226
W2-1= 1.30093141118226
W2-2= 1.30093141118226
W3-0= 0
W3-1= 0
W3-2= 0
W4-0= 0
W4-1= 0
W4-2= 0
W5-0= 0
W5-1= 0
W5-2= 0
W6-0= 0
W6-1= 0
W6-2= 0
W7-0= 0
W7-1= 0
W7-2= 0
