Train Filename:C:\Users\Farell\Documents\Visual Studio 2015\Projects\NeruTrainer\4-3.txt
Input node num:4
Hide node num:8
Output node num:3
TIH
TIH 0=0.0893362668348099
TIH 1=0.0893362668348099
TIH 2=0.0893362668348099
TIH 3=0.0893362668348099
TIH 4=0.0893362668348099
TIH 5=0.0893362668348099
TIH 6=0.0893362668348099
TIH 7=0.0893362668348099
THO
THO 0=-0.206600710505457
THO 1=-0.232908866118519
THO 2=0.0872411732144706
I-H
W0-0=0.180701734504221
W0-1=0.152647748705641
W0-2=0.127597127516963
W0-3=0.104721101518891
W0-4=0
W0-5=0
W0-6=0
W0-7=0
W1-0=0.180701734504221
W1-1=0.152647748705641
W1-2=0.127597127516963
W1-3=0.104721101518891
W1-4=0
W1-5=0
W1-6=0
W1-7=0
W2-0=0.180701734504221
W2-1=0.152647748705641
W2-2=0.127597127516963
W2-3=0.104721101518891
W2-4=0
W2-5=0
W2-6=0
W2-7=0
W3-0=0.180701734504221
W3-1=0.152647748705641
W3-2=0.127597127516963
W3-3=0.104721101518891
W3-4=0
W3-5=0
W3-6=0
W3-7=0
H-O
W0-0= -0.169931184157243
W0-1= -0.169931184157243
W0-2= -0.169931184157243
W1-0= -0.139622287092969
W1-1= -0.139622287092969
W1-2= -0.139622287092969
W2-0= 0.140659335740875
W2-1= 0.140659335740875
W2-2= 0.140659335740875
W3-0= 0
W3-1= 0
W3-2= 0
W4-0= 0
W4-1= 0
W4-2= 0
W5-0= 0
W5-1= 0
W5-2= 0
W6-0= 0
W6-1= 0
W6-2= 0
W7-0= 0
W7-1= 0
W7-2= 0
