Train Filename:C:\Users\Farell\Documents\Visual Studio 2015\Projects\NeruTrainer\4-3-iris-Change2.txt
Input node num:4
Hide node num:8
Output node num:3
TIH
TIH 0=-0.163986342330924
TIH 1=-0.163986342330924
TIH 2=-0.163986342330924
TIH 3=-0.163986342330924
TIH 4=-0.163986342330924
TIH 5=-0.0461914814025341
TIH 6=-0.0461914814025341
TIH 7=-0.0461914814025341
THO
THO 0=-1.44676632240223
THO 1=-2.64038924950841
THO 2=-2.55422904942234
I-H
W0-0=-0.285046912648831
W0-1=-0.331168155023427
W0-2=-0.222238075956976
W0-3=-0.258288127795756
W0-4=0
W0-5=0
W0-6=0
W0-7=0
W1-0=-0.285046912648831
W1-1=-0.331168155023427
W1-2=-0.222238075956976
W1-3=-0.258288127795756
W1-4=0
W1-5=0
W1-6=0
W1-7=0
W2-0=-0.285046912648831
W2-1=-0.331168155023427
W2-2=-0.222238075956976
W2-3=-0.258288127795756
W2-4=0
W2-5=0
W2-6=0
W2-7=0
W3-0=-0.285046912648831
W3-1=-0.331168155023427
W3-2=-0.222238075956976
W3-3=-0.258288127795756
W3-4=0
W3-5=0
W3-6=0
W3-7=0
H-O
W0-0= -0.177591384093226
W0-1= -0.177591384093226
W0-2= -0.177591384093226
W1-0= -0.230975823055564
W1-1= -0.230975823055564
W1-2= -0.230975823055564
W2-0= -0.268881209354324
W2-1= -0.268881209354324
W2-2= -0.268881209354324
W3-0= 0
W3-1= 0
W3-2= 0
W4-0= 0
W4-1= 0
W4-2= 0
W5-0= 0
W5-1= 0
W5-2= 0
W6-0= 0
W6-1= 0
W6-2= 0
W7-0= 0
W7-1= 0
W7-2= 0
