Train Filename:C:\Users\Farell\Documents\Visual Studio 2015\Projects\NeruTrainer\4-3-iris-Change2.txt
Input node num:4
Hide node num:8
Output node num:3
TIH
TIH 0=0.100037125543211
TIH 1=0.100037125543211
TIH 2=0.100037125543211
TIH 3=0.100037125543211
TIH 4=0.100037125543211
TIH 5=0.100037125543211
TIH 6=0.100037125543211
TIH 7=0.100037125543211
THO
THO 0=0.0817903185411008
THO 1=-0.143884831974526
THO 2=-0.253479269247695
I-H
W0-0=0.388776177252325
W0-1=0.256241452775775
W0-2=0.155954802619669
W0-3=0.0500575164776352
W0-4=0
W0-5=0
W0-6=0
W0-7=0
W1-0=0.388776177252325
W1-1=0.256241452775775
W1-2=0.155954802619669
W1-3=0.0500575164776352
W1-4=0
W1-5=0
W1-6=0
W1-7=0
W2-0=0.388776177252325
W2-1=0.256241452775775
W2-2=0.155954802619669
W2-3=0.0500575164776352
W2-4=0
W2-5=0
W2-6=0
W2-7=0
W3-0=0.388776177252325
W3-1=0.256241452775775
W3-2=0.155954802619669
W3-3=0.0500575164776352
W3-4=0
W3-5=0
W3-6=0
W3-7=0
H-O
W0-0= -0.138941947446308
W0-1= -0.138941947446308
W0-2= -0.138941947446308
W1-0= -0.112066829314093
W1-1= -0.112066829314093
W1-2= -0.112066829314093
W2-0= 0.121597689974716
W2-1= 0.121597689974716
W2-2= 0.121597689974716
W3-0= 0
W3-1= 0
W3-2= 0
W4-0= 0
W4-1= 0
W4-2= 0
W5-0= 0
W5-1= 0
W5-2= 0
W6-0= 0
W6-1= 0
W6-2= 0
W7-0= 0
W7-1= 0
W7-2= 0
