Train Filename:C:\Users\Farell\Documents\Visual Studio 2015\Projects\NeruTrainer\4-3.txt
Input node num:4
Hide node num:8
Output node num:3
TIH
TIH 0=0.0968114916402936
TIH 1=0.0968114916402936
TIH 2=0.0968114916402936
TIH 3=0.0968114916402936
TIH 4=0.0968114916402936
TIH 5=0.422812755570817
TIH 6=0.422812755570817
TIH 7=0.422812755570817
THO
THO 0=0.388685703416852
THO 1=0.12959487929127
THO 2=0.0818382647356324
I-H
W0-0=0.368683491098446
W0-1=0.235738651758128
W0-2=0.182722625916671
W0-3=0.0642180038968941
W0-4=0
W0-5=0
W0-6=0
W0-7=0
W1-0=0.368683491098446
W1-1=0.235738651758128
W1-2=0.182722625916671
W1-3=0.0642180038968941
W1-4=0
W1-5=0
W1-6=0
W1-7=0
W2-0=0.368683491098446
W2-1=0.235738651758128
W2-2=0.182722625916671
W2-3=0.0642180038968941
W2-4=0
W2-5=0
W2-6=0
W2-7=0
W3-0=0.368683491098446
W3-1=0.235738651758128
W3-2=0.182722625916671
W3-3=0.0642180038968941
W3-4=0
W3-5=0
W3-6=0
W3-7=0
H-O
W0-0= -0.151385807674225
W0-1= -0.151385807674225
W0-2= -0.151385807674225
W1-0= -0.107977235153073
W1-1= -0.107977235153073
W1-2= -0.107977235153073
W2-0= 0.135341948326765
W2-1= 0.135341948326765
W2-2= 0.135341948326765
W3-0= 0
W3-1= 0
W3-2= 0
W4-0= 0
W4-1= 0
W4-2= 0
W5-0= 0
W5-1= 0
W5-2= 0
W6-0= 0
W6-1= 0
W6-2= 0
W7-0= 0
W7-1= 0
W7-2= 0
