Train Filename:C:\Users\Farell\Documents\Visual Studio 2015\Projects\NeruTrainer\4-3.txt
Input node num:4
Hide node num:8
Output node num:3
TIH
TIH 0=1.51391400771732
TIH 1=1.51391400771732
TIH 2=1.51391400771732
TIH 3=1.51391400771732
TIH 4=1.51391400771732
TIH 5=1.51391400771732
TIH 6=12.336078553731
TIH 7=1.32786618216541
THO
THO 0=1.78288146130353
THO 1=-14.278735354174
THO 2=-74.8211184236827
I-H
W0-0=0.0142488883268445
W0-1=0.755677973076475
W0-2=-1.49660112193759
W0-3=-0.817311835274676
W0-4=0
W0-5=0
W0-6=0
W0-7=0
W1-0=0.0142488883268445
W1-1=0.755677973076475
W1-2=-1.49660112193759
W1-3=-0.817311835274676
W1-4=0
W1-5=0
W1-6=0
W1-7=0
W2-0=0.0142488883268445
W2-1=0.755677973076475
W2-2=-1.49660112193759
W2-3=-0.817311835274676
W2-4=0
W2-5=0
W2-6=0
W2-7=0
W3-0=0.0142488883268445
W3-1=0.755677973076475
W3-2=-1.49660112193759
W3-3=-0.817311835274676
W3-4=0
W3-5=0
W3-6=0
W3-7=0
H-O
W0-0= 0.350749923625581
W0-1= 0.350749923625581
W0-2= 0.350749923625581
W1-0= -1.8309195064925
W1-1= -1.8309195064925
W1-2= -1.8309195064925
W2-0= -0.867455730140249
W2-1= -0.867455730140249
W2-2= -0.867455730140249
W3-0= 0
W3-1= 0
W3-2= 0
W4-0= 0
W4-1= 0
W4-2= 0
W5-0= 0
W5-1= 0
W5-2= 0
W6-0= 0
W6-1= 0
W6-2= 0
W7-0= 0
W7-1= 0
W7-2= 0
