Train Filename:C:\Users\Farell\Documents\Visual Studio 2015\Projects\NeruTrainer\4-3.txt
Input node num:4
Hide node num:8
Output node num:3
TIH
TIH 0=4.10503767182372
TIH 1=4.10503767182372
TIH 2=9.91012151896834
TIH 3=9.91012151896834
TIH 4=9.91012151896834
TIH 5=9.91012151896834
TIH 6=9.91012151896834
TIH 7=9.91012151896834
THO
THO 0=3.40892629197105
THO 1=-15.2478365744398
THO 2=-59.0484880028593
I-H
W0-0=0.0444210951110824
W0-1=1.40794615022904
W0-2=-2.94660746541718
W0-3=-1.44279210983254
W0-4=0
W0-5=0
W0-6=0
W0-7=0
W1-0=0.0444210951110824
W1-1=1.40794615022904
W1-2=-2.94660746541718
W1-3=-1.44279210983254
W1-4=0
W1-5=0
W1-6=0
W1-7=0
W2-0=0.566388852699159
W2-1=0.62374725923833
W2-2=-2.47173380041288
W2-3=-1.58027953505313
W2-4=0
W2-5=0
W2-6=0
W2-7=0
W3-0=0.566388852699159
W3-1=0.62374725923833
W3-2=-2.47173380041288
W3-3=-1.58027953505313
W3-4=0
W3-5=0
W3-6=0
W3-7=0
H-O
W0-0= 0.36801199326381
W0-1= 0.36801199326381
W0-2= 0.476241082384368
W1-0= -7.10391937036273
W1-1= -7.10391937036273
W1-2= 2.93514456114765
W2-0= -0.540097534465856
W2-1= -0.540097534465856
W2-2= -2.96058771355122
W3-0= 0
W3-1= 0
W3-2= 0
W4-0= 0
W4-1= 0
W4-2= 0
W5-0= 0
W5-1= 0
W5-2= 0
W6-0= 0
W6-1= 0
W6-2= 0
W7-0= 0
W7-1= 0
W7-2= 0
