Train Filename:C:\Users\Farell\Documents\Visual Studio 2015\Projects\NeruTrainer\4-3-iris-Change2.txt
Input node num:4
Hide node num:5
Output node num:3
TIH
TIH 0=0.260462019531656
TIH 1=0.260462019531656
TIH 2=0.260462019531656
TIH 3=0.260462019531656
TIH 4=0.260462019531656
THO
THO 0=-0.0758176656534736
THO 1=-0.176426827081518
THO 2=-0.0758032301829668
I-H
W0-0=0.387761307304786
W0-1=0.342801417975072
W0-2=0.299140544246822
W0-3=0.263645532477999
W0-4=0
W1-0=0.387761307304786
W1-1=0.342801417975072
W1-2=0.299140544246822
W1-3=0.263645532477999
W1-4=0
W2-0=0.387761307304786
W2-1=0.342801417975072
W2-2=0.299140544246822
W2-3=0.263645532477999
W2-4=0
W3-0=0.387761307304786
W3-1=0.342801417975072
W3-2=0.299140544246822
W3-3=0.263645532477999
W3-4=0
H-O
W0-0= -0.158335437512578
W0-1= -0.158335437512578
W0-2= -0.158335437512578
W1-0= -0.130717522008687
W1-1= -0.130717522008687
W1-2= -0.130717522008687
W2-0= 0.132826769497523
W2-1= 0.132826769497523
W2-2= 0.132826769497523
W3-0= 0
W3-1= 0
W3-2= 0
W4-0= 0
W4-1= 0
W4-2= 0
